0,0,240
# 1,1,241
# 2,2,242
# 3,3,243
# 4,4,244
# 5,5,245
# 6,6,246
# 7,7,247
# 8,8,248
# 9,9,249
# 10,10,250
# 11,11,251
# 12,12,252
13,13,253
# 14,14,254
# 15,15,255
# 16,16,256
# 17,17,257
# 18,18,258
# 19,19,259
20,20,260
# 21,21,261
# 22,22,262
# 23,23,263
# 24,24,264
# 25,25,265
# 26,26,266
# 27,27,267
# 28,28,268
# 29,29,269
# 30,30,270
# 31,31,271
# 32,32,272
# 33,33,273
# 34,34,274
# 35,35,275
# 36,36,276
# 37,37,277
# 38,38,278
# 39,39,279
# 40,40,280
# 41,41,281
# 42,42,282
# 43,43,283
# 44,44,284
# 45,45,285
# 46,46,286
# 47,47,287
# 48,48,288
# 49,49,289
# 50,50,290
# 51,51,291
# 52,52,292
# 53,53,293
54,54,294
# 55,55,295
# 56,56,296
# 57,57,297
# 58,58,298
# 59,59,299
# 60,60,300
# 61,61,301
# 62,62,302
# 63,63,303
# 64,64,304
# 65,65,305
# 66,66,306
# 67,67,307
# 68,68,308
# 69,69,309
# 70,70,310
# 71,71,311
# 72,72,312
# 73,73,313
# 74,74,314
# 75,75,315
# 76,76,316
# 77,77,317
# 78,78,318
# 79,79,319
# 80,80,320
# 81,81,321
# 82,82,322
# 83,83,323
# 84,84,324
# 85,85,325
# 86,86,326
# 87,87,327
# 88,88,328
# 89,89,329
# 90,90,330
# 91,91,331
# 92,92,332
# 93,93,333
# 94,94,334
# 95,95,335
# 96,96,336
# 97,97,337
# 98,98,338
# 99,99,339
# 100,100,340
# 101,101,341
# 102,102,342
# 103,103,343
# 104,104,344
# 105,105,345
# 106,106,346
# 107,107,347
# 108,108,348
# 109,109,349
# 110,110,350
# 111,111,351
# 112,112,352
# 113,113,353
# 114,114,354
# 115,115,355
# 116,116,356
# 117,117,357
# 118,118,358
# 119,119,359
# 120,120,360
# 121,121,361
# 122,122,362
# 123,123,363
# 124,124,364
# 125,125,365
# 126,126,366
# 127,127,367
# 128,128,368
# 129,129,369
# 130,130,370
# 131,131,371
# 132,132,372
# 133,133,373
# 134,134,374
# 135,135,375
# 136,136,376
# 137,137,377
# 138,138,378
# 139,139,379
# 140,140,380
# 141,141,381
# 142,142,382
# 143,143,383
# 144,144,384
# 145,145,385
# 146,146,386
# 147,147,387
# 148,148,388
# 149,149,389
# 150,150,390
# 151,151,391
# 152,152,392
# 153,153,393
# 154,154,394
# 155,155,395
# 156,156,396
# 157,157,397
# 158,158,398
# 159,159,399
# 160,160,400
# 161,161,401
# 162,162,402
# 163,163,403
# 164,164,404
# 165,165,405
# 166,166,406
# 167,167,407
# 168,168,408
# 169,169,409
# 170,170,410
# 171,171,411
# 172,172,412
# 173,173,413
# 174,174,414
# 175,175,415
# 176,176,416
# 177,177,417
# 178,178,418
# 179,179,419
# 180,180,420
# 181,181,421
# 182,182,422
# 183,183,423
# 184,184,424
# 185,185,425
# 186,186,426
# 187,187,427
# 188,188,428
189,189,429
# 190,190,430
# 191,191,431
# 192,192,432
# 193,193,433
# 194,194,434
# 195,195,435
# 196,196,436
# 197,197,437
# 198,198,438
# 199,199,439
# 200,200,440
# 201,201,441
# 202,202,442
# 203,203,443
# 204,204,444
# 205,205,445
# 206,206,446
# 207,207,447
# 208,208,448
# 209,209,449
# 210,210,450
# 211,211,451
# 212,212,452
# 213,213,453
# 214,214,454
# 215,215,455
# 216,216,456
# 217,217,457
# 218,218,458
# 219,219,459
# 220,220,460
# 221,221,461
# 222,222,462
# 223,223,463
# 224,224,464
# 225,225,465
# 226,226,466
# 227,227,467
# 228,228,468
# 229,229,469
# 230,230,470
# 231,231,471
# 232,232,472
# 233,233,473
# 234,234,474
# 235,235,475
# 236,236,476
# 237,237,477
# 238,238,478
# 239,239,479
# 240,240,480
# 241,241,481
# 242,242,482
# 243,243,483
# 244,244,484
# 245,245,485
# 246,246,486
# 247,247,487
# 248,248,488
# 249,249,489
# 250,250,490
# 251,251,491
# 252,252,492
# 253,253,493
# 254,254,494
# 255,255,495
# 256,256,496
# 257,257,497
# 258,258,498
# 259,259,499
# 260,260,500
# 261,261,501
# 262,262,502
# 263,263,503
# 264,264,504
# 265,265,505
# 266,266,506
# 267,267,507
# 268,268,508
# 269,269,509
# 270,270,510
# 271,271,511
# 272,272,512
# 273,273,513
# 274,274,514
# 275,275,515
# 276,276,516
# 277,277,517
# 278,278,518
# 279,279,519
# 280,280,520
# 281,281,521
# 282,282,522
# 283,283,523
# 284,284,524
# 285,285,525
# 286,286,526
# 287,287,527
# 288,288,528
# 289,289,529
# 290,290,530
# 291,291,531
# 292,292,532
# 293,293,533
# 294,294,534
# 295,295,535
# 296,296,536
# 297,297,537
# 298,298,538
# 299,299,539
# 300,300,540
# 301,301,541
# 302,302,542
# 303,303,543
# 304,304,544
# 305,305,545
# 306,306,546
# 307,307,547
# 308,308,548
# 309,309,549
# 310,310,550
# 311,311,551
# 312,312,552
# 313,313,553
# 314,314,554
# 315,315,555
# 316,316,556
# 317,317,557
# 318,318,558
# 319,319,559
# 320,320,560
# 321,321,561
# 322,322,562
# 323,323,563
# 324,324,564
# 325,325,565
# 326,326,566
# 327,327,567
# 328,328,568
# 329,329,569
# 330,330,570
# 331,331,571
# 332,332,572
# 333,333,573
# 334,334,574
# 335,335,575
# 336,336,576
# 337,337,577
# 338,338,578
# 339,339,579
# 340,340,580
# 341,341,581
# 342,342,582
# 343,343,583
# 344,344,584
# 345,345,585
# 346,346,586
# 347,347,587
# 348,348,588
# 349,349,589
# 350,350,590
# 351,351,591
# 352,352,592
# 353,353,593
# 354,354,594
# 355,355,595
# 356,356,596
# 357,357,597
# 358,358,598
# 359,359,599
# 360,360,600
# 361,361,601
# 362,362,602
# 363,363,603
# 364,364,604
# 365,365,605
# 366,366,606
# 367,367,607
# 368,368,608
# 369,369,609
# 370,370,610
# 371,371,611
# 372,372,612
# 373,373,613
# 374,374,614
# 375,375,615
# 376,376,616
# 377,377,617
# 378,378,618
# 379,379,619
# 380,380,620
# 381,381,621
# 382,382,622
# 383,383,623
# 384,384,624
# 385,385,625
# 386,386,626
# 387,387,627
# 388,388,628
# 389,389,629
# 390,390,630
# 391,391,631
# 392,392,632
# 393,393,633
# 394,394,634
# 395,395,635
# 396,396,636
# 397,397,637
# 398,398,638
# 399,399,639
# 400,400,640
# 401,401,641
# 402,402,642
# 403,403,643
# 404,404,644
# 405,405,645
# 406,406,646
# 407,407,647
# 408,408,648
# 409,409,649
# 410,410,650
# 411,411,651
# 412,412,652
# 413,413,653
# 414,414,654
# 415,415,655
# 416,416,656
# 417,417,657
# 418,418,658
# 419,419,659
# 420,420,660
# 421,421,661
# 422,422,662
# 423,423,663
# 424,424,664
# 425,425,665
# 426,426,666
# 427,427,667
# 428,428,668
# 429,429,669
# 430,430,670
# 431,431,671
# 432,432,672
# 433,433,673
# 434,434,674
# 435,435,675
# 436,436,676
# 437,437,677
# 438,438,678
# 439,439,679
# 440,440,680
# 441,441,681
# 442,442,682
# 443,443,683
# 444,444,684
# 445,445,685
# 446,446,686
# 447,447,687
# 448,448,688
# 449,449,689
# 450,450,690
# 451,451,691
# 452,452,692
# 453,453,693
# 454,454,694
# 455,455,695
# 456,456,696
# 457,457,697
# 458,458,698
# 459,459,699
# 460,460,700
# 461,461,701
# 462,462,702
# 463,463,703
# 464,464,704
# 465,465,705
# 466,466,706
# 467,467,707
# 468,468,708
# 469,469,709
# 470,470,710
# 471,471,711
# 472,472,712
# 473,473,713
# 474,474,714
# 475,475,715
# 476,476,716
# 477,477,717
# 478,478,718
# 479,479,719
# 480,480,720
# 481,481,721
# 482,482,722
# 483,483,723
# 484,484,724
# 485,485,725
# 486,486,726
# 487,487,727
# 488,488,728
# 489,489,729
# 490,490,730
# 491,491,731
# 492,492,732
# 493,493,733
# 494,494,734
# 495,495,735
# 496,496,736
# 497,497,737
# 498,498,738
# 499,499,739
# 500,500,740
# 501,501,741
# 502,502,742
# 503,503,743
# 504,504,744
# 505,505,745
# 506,506,746
# 507,507,747
# 508,508,748
# 509,509,749
# 510,510,750
# 511,511,751
# 512,512,752
# 513,513,753
# 514,514,754
# 515,515,755
# 516,516,756
# 517,517,757
# 518,518,758
# 519,519,759
# 520,520,760
# 521,521,761
# 522,522,762
# 523,523,763
# 524,524,764
# 525,525,765
# 526,526,766
# 527,527,767
# 528,528,768
# 529,529,769
# 530,530,770
# 531,531,771
# 532,532,772
# 533,533,773
# 534,534,774
# 535,535,775
# 536,536,776
# 537,537,777
# 538,538,778
# 539,539,779
# 540,540,780
# 541,541,781
# 542,542,782
# 543,543,783
# 544,544,784
# 545,545,785
# 546,546,786
# 547,547,787
# 548,548,788
# 549,549,789
# 550,550,790
# 551,551,791
# 552,552,792
# 553,553,793
# 554,554,794
# 555,555,795
# 556,556,796
# 557,557,797
# 558,558,798
# 559,559,799
